table_index,origins,gd01,gd02,gd03,gd04,gd05,gd06,gd07,gd08,gd09,gd10,gd11,gd12,gd13,gd14,gd15,gd16,gd17,gd18,gd19,gd20,gd21,gd22,gd23,gd24,gd25,gd26,gd27,gd28,gd29,gd30,gd31,gd32,gd33,gd34,gd35,gd36,gd37,gd38,gd39,gd40,gd41,gd42,gd51,gd52,gd53,gd54,gd55
1,1,21330,3477,18718,11565,7629,14819,8412,17081,29370,13214,20856,1685,2740,2957,708,2931,5545,7368,1099,325,575,383,229,442,1636,686,1437,1225,858,2233,1013,158,68,297,237,215,347,340,816,826,737,1038,0,0,0,0,0
2,2,3477,530,2001,648,370,491,293,606,1224,583,1862,38,65,147,25,134,298,481,35,6,9,5,4,12,90,30,83,61,44,105,44,3,1,4,5,6,14,16,53,41,37,48,0,0,0,0,0
3,3,18718,2001,11245,3606,2131,4566,2609,8410,27014,10304,9971,452,853,1443,386,2456,2896,3169,359,96,168,119,82,166,1091,439,717,515,264,811,272,49,19,82,86,81,216,205,394,352,182,501,0,0,0,0,0
4,4,12453,973,3842,5596,2408,1172,452,1095,2545,719,1082,139,190,161,116,242,279,410,114,91,73,110,51,53,254,146,103,62,116,195,93,47,272,315,149,66,195,51,580,159,254,22,0,0,0,0,0
5,5,7629,370,2131,2389,13631,3661,384,620,1143,287,376,726,104,44,15,70,85,98,97,20,10,3,5,1,19,8,8,8,4,12,4,5,1,2,3,1,1,1,4,3,1,3,0,0,0,0,0
6,6,14819,491,4566,1109,3661,30970,5146,2970,2471,728,850,555,1845,699,87,219,265,347,96,28,100,38,38,17,71,42,34,23,14,54,10,7,7,42,30,4,6,3,20,14,8,22,0,0,0,0,0
7,7,8412,293,2609,423,384,5146,14608,7113,1542,342,501,66,297,988,139,202,130,184,35,4,39,9,30,18,47,30,10,18,8,35,3,1,1,11,25,5,4,1,3,5,2,13,0,0,0,0,0
8,8,17081,606,8410,917,620,2970,7113,52355,6515,864,1635,95,372,4159,543,640,390,796,73,14,58,35,47,185,197,97,65,62,38,178,39,8,4,28,51,72,42,20,60,34,25,82,0,0,0,0,0
9,9,29370,1224,27014,2288,1143,2471,1542,6515,86054,6261,4725,236,396,1777,289,3871,2435,2048,167,30,64,39,32,45,600,240,319,216,94,405,99,13,6,35,28,16,83,67,126,115,47,151,0,0,0,0,0
10,10,13214,583,10304,666,287,728,342,864,6261,8701,5480,42,90,115,37,241,1728,1174,40,5,13,6,7,8,99,27,83,48,20,81,19,3,1,5,8,3,7,6,30,24,12,28,0,0,0,0,0
11,11,20856,1862,9971,1031,376,850,501,1635,4725,5480,18149,40,84,188,60,259,1159,3816,36,4,11,5,9,13,99,39,63,114,53,293,62,3,1,4,7,4,9,7,31,40,30,32,0,0,0,0,0
12,12,1685,38,452,130,726,555,66,95,236,42,40,9541,160,6,6,8,9,19,1479,297,10,2,1,0,2,1,1,1,0,1,0,21,9,4,2,0,0,0,0,0,0,1,0,0,0,0,0
13,13,2740,65,853,184,104,1845,297,372,396,90,84,160,7104,253,45,31,19,20,25,31,395,29,307,8,6,3,1,1,0,3,0,1,1,20,50,3,0,1,0,0,0,4,0,0,0,0,0
14,14,2957,147,1443,151,44,699,988,4159,1777,115,188,6,253,10414,1523,694,30,43,4,0,7,1,86,37,56,14,5,2,1,8,0,0,0,1,8,3,2,0,1,1,0,3,0,0,0,0,0
15,15,708,25,386,104,15,87,139,543,289,37,60,6,45,1523,13492,544,16,35,4,1,6,1,40,146,103,33,4,3,1,5,1,0,0,1,9,34,17,1,1,1,0,12,0,0,0,0,0
16,16,2931,134,2456,208,70,219,202,640,3871,241,259,8,31,694,544,13167,222,95,10,1,4,2,6,8,557,91,37,12,3,16,2,0,0,1,5,1,11,5,6,5,1,8,0,0,0,0,0
17,17,5545,298,2896,260,85,265,130,390,2435,1728,1159,9,19,30,16,222,9131,1252,8,0,2,1,2,1,125,10,430,41,5,25,2,1,0,1,2,0,1,6,10,10,1,7,0,0,0,0,0
18,18,7368,481,3169,398,98,347,184,796,2048,1174,3816,19,20,43,35,95,1252,16532,10,1,5,1,4,1,49,11,50,187,90,2063,120,0,0,1,3,1,2,4,21,40,34,13,0,0,0,0,0
19,19,1099,35,359,101,97,96,35,73,167,40,36,1479,25,4,4,10,8,10,10823,299,6,2,1,1,2,0,1,0,0,0,0,197,21,5,2,0,0,0,1,0,0,2,0,0,0,0,0
20,20,325,6,96,91,20,28,4,14,30,5,4,297,31,0,1,1,0,1,299,954,9,4,1,0,0,0,0,0,0,0,0,13,1,11,1,0,0,0,0,0,0,0,0,0,0,0,0
21,21,575,9,168,73,10,100,39,58,64,13,11,10,395,7,6,4,2,5,6,9,592,62,25,2,1,0,0,0,0,1,0,0,0,16,32,1,0,0,0,0,0,2,0,0,0,0,0
22,22,383,5,119,109,3,38,9,35,39,6,5,2,29,1,1,2,1,1,2,4,62,3035,17,1,0,0,0,0,0,0,0,4,13,922,213,2,0,0,0,0,0,21,0,0,0,0,0
23,23,229,4,82,50,5,38,30,47,32,7,9,1,307,86,40,6,2,4,1,1,25,17,1519,17,1,0,0,0,0,1,0,0,0,3,184,4,0,0,0,0,0,2,0,0,0,0,0
24,24,442,12,166,52,1,17,18,185,45,8,13,0,8,37,146,8,1,1,1,0,2,1,17,431,7,6,0,0,0,0,0,0,0,1,12,35,5,0,0,0,0,18,0,0,0,0,0
25,25,1636,90,1091,235,19,71,47,197,600,99,99,2,6,56,103,557,125,49,2,0,1,0,1,7,9415,1154,79,6,3,11,1,0,0,0,1,2,48,24,4,2,1,32,0,0,0,0,0
26,26,686,30,439,143,8,42,30,97,240,27,39,1,3,14,33,91,10,11,0,0,0,0,0,6,1154,7708,12,1,0,2,0,0,0,0,1,4,210,28,1,0,0,77,0,0,0,0,0
27,27,1437,83,717,99,8,34,10,65,319,83,63,1,1,5,4,37,430,50,1,0,0,0,0,0,79,12,2781,45,6,10,1,0,0,0,0,0,0,27,31,27,0,14,0,0,0,0,0
28,28,1225,61,515,57,8,23,18,62,216,48,114,1,1,2,3,12,41,187,0,0,0,0,0,0,6,1,45,1752,377,237,2,0,0,0,0,0,0,1,14,145,2,3,0,0,0,0,0
29,29,858,44,264,114,4,14,8,38,94,20,53,0,0,1,1,3,5,90,0,0,0,0,0,0,3,0,6,377,7503,92,21,0,0,0,0,0,0,0,4,375,35,10,0,0,0,0,0
30,30,2233,105,811,190,12,54,35,178,405,81,293,1,3,8,5,16,25,2063,0,0,1,0,1,0,11,2,10,237,92,4622,235,0,0,0,0,0,0,1,3,15,24,2,0,0,0,0,0
31,31,1013,44,272,91,4,10,3,39,99,19,62,0,0,0,1,2,2,120,0,0,0,0,0,0,1,0,1,2,21,235,1553,0,0,0,0,0,0,0,0,2,44,0,0,0,0,0,0
32,32,158,3,49,32,5,7,1,8,13,3,3,21,1,0,0,0,1,0,197,13,0,4,0,0,0,0,0,0,0,0,0,3328,14,11,0,0,0,0,0,0,0,0,0,0,0,0,0
33,33,68,1,19,327,1,7,1,4,6,1,1,9,1,0,0,0,0,0,21,1,0,13,0,0,0,0,0,0,0,0,0,14,1222,100,0,0,0,0,0,0,0,5,0,0,0,0,0
34,34,297,4,82,636,2,42,11,28,35,5,4,4,20,1,1,1,1,1,5,11,16,922,3,1,0,0,0,0,0,0,0,11,100,12731,62,1,0,0,0,0,0,96,0,0,0,0,0
35,35,237,5,86,164,3,30,25,51,28,8,7,2,50,8,9,5,2,3,2,1,32,213,184,12,1,1,0,0,0,0,0,0,0,62,14200,37,0,0,0,0,0,58,0,0,0,0,0
36,36,215,6,81,100,1,4,5,72,16,3,4,0,3,3,34,1,0,1,0,0,1,2,4,35,2,4,0,0,0,0,0,0,0,1,37,268,1,0,0,0,0,55,0,0,0,0,0
37,37,347,14,216,254,1,6,4,42,83,7,9,0,0,2,17,11,1,2,0,0,0,0,0,5,48,210,0,0,0,0,0,0,0,0,0,1,973,3,0,0,0,95,0,0,0,0,0
38,38,340,16,205,46,1,3,1,20,67,6,7,0,1,0,1,5,6,4,0,0,0,0,0,0,24,28,27,1,0,1,0,0,0,0,0,0,3,1537,5,4,0,33,0,0,0,0,0
39,39,816,53,394,823,4,20,3,60,126,30,31,0,0,1,1,6,10,21,1,0,0,0,0,0,4,1,31,14,4,3,0,0,0,0,0,0,0,5,3448,27,0,426,0,0,0,0,0
40,40,826,41,352,170,3,14,5,34,115,24,40,0,0,1,1,5,10,40,0,0,0,0,0,0,2,0,27,145,375,15,2,0,0,0,0,0,0,4,27,8010,5,24,0,0,0,0,0
41,41,737,37,182,603,1,8,2,25,47,12,30,0,0,0,0,1,1,34,0,0,0,0,0,0,1,0,0,2,35,24,44,0,0,0,0,0,0,0,0,5,1414,1,0,0,0,0,0
42,42,1038,48,501,22,3,22,13,82,151,28,32,1,4,3,12,8,7,13,2,0,2,21,2,18,32,77,14,3,10,2,0,0,5,96,58,55,95,33,426,24,1,52840,0,0,0,0,0
43,51,0,0,0,0,0,0,0,0,0,0,0,0,0,0,0,0,0,0,0,0,0,0,0,0,0,0,0,0,0,0,0,0,0,0,0,0,0,0,0,0,0,0,0,0,0,0,0
44,52,0,0,0,0,0,0,0,0,0,0,0,0,0,0,0,0,0,0,0,0,0,0,0,0,0,0,0,0,0,0,0,0,0,0,0,0,0,0,0,0,0,0,0,0,0,0,0
45,53,0,0,0,0,0,0,0,0,0,0,0,0,0,0,0,0,0,0,0,0,0,0,0,0,0,0,0,0,0,0,0,0,0,0,0,0,0,0,0,0,0,0,0,0,0,0,0
46,54,0,0,0,0,0,0,0,0,0,0,0,0,0,0,0,0,0,0,0,0,0,0,0,0,0,0,0,0,0,0,0,0,0,0,0,0,0,0,0,0,0,0,0,0,0,0,0
47,55,0,0,0,0,0,0,0,0,0,0,0,0,0,0,0,0,0,0,0,0,0,0,0,0,0,0,0,0,0,0,0,0,0,0,0,0,0,0,0,0,0,0,0,0,0,0,0
